2                                                                                                                                                                                                                                                                                                                                                                                                                
                                                                                                                                                                                                                                                                                                                                                                                                                
                                                                                                                                                                                                                                                                                                                                                                                                                
                                                                                                                                                                                                                                                                                                                                                                                                                
                                                                                                                                                                                                                                                                                                                                                                                                                
                                                                                                                                                                                                                                                                                                                                                                                                                
                                                                                                                                                                                                                                                                                                                                                                                                                
                                                                                                                                                                                                                 4     3 44433                                            311533554933311 1111 31                                                                                         55 30999999           
        894454455433 148                                                                                                                                                                                           00990888800008004                               434948899888899998988888898808                          1111   11   1         1 11                  1  1331   13333340880008888008485        
        444554451435384                                                                                                                                                                              1              0084398888880000005   1                        5115488980000000800000988988009                         113   13             33    11                11311  1594555490000880808008588        
        555445535  189                                              00                04      39009                                                                                                                  30098994800000800003 89                          4598800000008000080898988085  31                    1 1 1111    3       1  11                     13488854494548080888880000009           
        444433311900                                             000000           9018                                                                                                                                 0045498999000880008354       13               1448800080008804  0009008880000005                 1 111   111   3          1    11 11           3459988888958000088008888800004           
        43353331303                                           000000000        804 8 8                8000003                                                                                                           4008989809880000000490003     8         1    1440800080088000180088880000000485                    113  3 1         35    1                   1449980885538000088888800009   31         
        4453 3140                                            0008039050    500     0            801         000088                                                                                                        009499808980088008458000000004             154089888808800000080000008080085494                   131 311          1      1131 1    1 131  35998000951 30000008888800001              
        33313 80                                            000080 00800            8    00         1004        0 000                                                                                                      009884980888989800099800000083              3988800008889889999988808094000083                 1333331                13313311     1111   149948000955809 80088800009  3 8089        
        355 500                                            0009980088310      0      0     00    0      0001         00                                                                                                     10959944488898998899800888888         131  35988890000899888898990000859000043                 115331               11 1 1331    13111  159405 50419000000808800083390090000        
        54330                                              003900 3481 00 00000      1    3 9883   0004    5000        0                                                                                                     400594448980008888515980809095    1354884  4880800000089999899488000098989895                 334                   11533531  1    11 1444588808490000808888088999800000808        
         138                                              0000000  00 5 09       9    4    0  1588    9000    3008      0                                                                                                      093598898000000099888888008098 1  314543 3880800000008888889955800085805533                153131                11111331113331113335444495941180088888888888888000008888        
        199                                              0      8   00   0   000 0     0 9  00    988    90001   0000                                                                                                           009130800    8008448008800808     881 4880800088000008808888511390049095                   3313                 1351554531 11133549999449908338088888880888080000 40084         
        40                                             0   109   499  09 000      0       89  00     488    3805  9  0                                                                                                           0088094000000080880888088000005   00094800088888008000000984313394                        5543          1      1131944453895 55553355554880800000880888888088088889            
        5                                            8      380        40  803 58 0        00  900544    49839089  0  0                                                                                                           0843988898808000089889000080000  8000800000000080000  890888453333                     1399888             11 1353898989889499953135548800908008888800880000088851            
                                                  009        39   1 891  0   48    0        004   000  0009     48  0                                                                                                              00344988984 89098999999980800 3  30000000880880000000008888411111                     33889003       3       31358800089444498413549088000808888808888000088935              
                                              0000   9        90  54  88  0000500  00        3000   0000   00991  99 4                                                                                                              09899880908030080898894899000095800898800000090  908080088833                       3448880093                1580000000994453549498804 0808088088000083                    
                                           00000    00         0   51     00008000  0           9009            80500                                                                                                                055499800800088808988899899900008945548889988000000800000098953                    55980000085          1135598800888888884599849088000080000008080004                     
                                        900 0       399        88  81   0   0000    30              000000000000900 3                                                                                                                80535449989998998888899949998955808449008008088888880  00988980                  1 54888880883        1    5498800888008895494480808080008885308989               1        
                                      0000000        908  0     0  3  5   89  0      005         0      100        0                                                                                                                  908449880008898899999988089009880089899808880008888000000808801                   54880000085          313548800080800841 598880 8900888880008900003                      
                                        000000        95   0    08  4  1    0   09    999         09     00000                              40000000                                                                                   003059989948998888889898099091388888888800888000808 9088800805                   33988800089         1 13399598080088889348888000088888888880880091           559        
                                          0000        588  88    0  5  1  0  00  000   388  8      00105      3         9             4003           00                                                                                 0819949498888899899990000800890088880800000881 0880080888849                  558488000080843       11113953800808888888889880080088888880888881  1        39888        
                                            000        9 0  0    0   1    81  00   0  0  18  15      0  804            9           08           348000000000                                                                             083544498888888999880  084099808888000880000000880080888843             13   449980000000893       1 1359 58000008088808809880888888888888808845881   1 1598988        
                                             001  5      0  80   48  1  1  8   00   0  09  03 15      80                        19          000             4003                                                                         00345549494499898888000080845900008088000888088000080088931              1331888880000088041      1354594 580888800808808800888888888888888008455     113989884        
                                              00  8     4 0  01   0  1   1 9    00  00  485 401 55      80           09        9       3003                                                                                               0155448444448988880988908000084900088080888880  80800888431 11           599800800000008841     13334595 980880808088888008888888888888888885443     349888883        
                                              50   0      0  549  8  0   1  8    001 00  805   03 44      80          8     0        00        93                                                                                         004355449989949988888099889999949088800000088000000808009535353         598800890000000081      13134883 800080888088008088888880000000808004841    148880894         
                                               00  0       0  055  0 14     4     00  000   0    3   3      809      8    41      000049948459000000                                                                                       09354449499989894488888808808949008088800000008888080089539994        159880088000000889       35398004500808888808888888888880888888880988981   35998880889         
                                               00  08      09  31  0  8     35     00  3 00500   05   15      380       01      000                 00                                                                                     503345544499898888988888890080959080008888000880000809994345531        39898000088000084       3559888980080880800888088888800899989988898443   34598889894          
                                                00 10       0  8 1    9     3       00 9 00   0001 3915          900  00   01 00        00                                                                                                  09544444998099988888888880000848088088880038888888080088488951         5880800800000883      1553488800080000008880888888888888004148008893334989000888991          
                                                 8  0       04  5     89    8       800  0834    4083400000954      80   08 0                  1                                                                                            89193949999449888808888888008898048008988050908888888898888451          599888880080891     1154988888888055088888888888808800084548800515349988809008089           
                                                    0   3    8  95 44  8    89          00 400001   54         000808     9                                9000008                                                                           033194444444449989880880008893585480848988988888888880088453           14988888080089      5598888808808000088888888888888008435800841 3544988808  00953 13        
                                                    0   8    09  5  8  0    50 1     5     3  8000000       030   45   33    80009   30000001  508808  99         000                                                                        08 4149445499988888888998880831555800808988888888888880943             15888000000089      54888888088808880888888888808800811148085314888888888000083   11        
                                                    0    0   19   3 0  011   85      149         55     0000000000    9850085      4809     0008      000000008      0                                                                       3015344999999998998888888880845554400008888808888080880981             39988008008089     389988888888888888888888888888888934559949888888988888800413349891       
                                                    0    0    99   40  8 5   98        5980000808    0000099000     180     985  00    58009               9  5800   9                                                                        0844998944999994494888949908433545990080808008888800808043            54880000000088454499800888080808088888888888888880895   14988898988888998083  3588005       
                                                    0    15    85   8  8  4   89      3 3   3000   000004000010 50054   885   40    0800                     18  9      13                           0000    00000                            08349994559444554449989888883     119000088888888800009843            49888000000088434888008808880808888888800080088088089  148889888888888888841 38000883       
                                                   90     0     05  9  84  4  448 1   33 383    5 000004080008      19      83   3800                          4  1           3                    00   0  000                                9035549999499999889949949945        5088880888080008008883           159988888008009413498888088888880888880888888888888885  988088888888888800948000889883       
                                                   00     01     03 0  35   1  993     53  9000  0  9995000   1 1953      85   8000                             03                11             00      00                                    033535499889998999888999313         5580888088888080008851          59990880888008951399880888088888888888888888888888885  1949888888888800888959889988893       
                                                   03      0     9010  00 3 3  4499     5   0  000000800000  5 44       0    880    4   11                      91                      13  00000       000                                    0533554449890904998989994151          5008088888088008084           5944880088800813548888088008888888888888888888898084   1488498888888085 19989888888883       
                                                 4 0 8     85     580   38      5949 3  13      00089000 3  451  1         440      5       500004                                        0000000000000000                                     03 5554949880408888880080545          34888888888888080895     11131599889008800053998888888888888888888880888888880093    354415899888991 980888999998993       
                                                   9 0      0      00  0  08     9313    51  59  008000    9913          144       0              000000                                 0000009    000                                        053455598880  98888888888531        3   50008088888808884     153355595888888008914008888888888888888800000888888880833 131      4889888539888988888899993       
                                                  0  0      94      0  05   8     8398    3333 1  40000 1881           8800 009    0              00000000000008                        000000     04  500000                                  041448894888000000000000081             18888880000000093    54453494948888008089800880800088888888808088888888888883135453     18088899488888988999889881       
                                                  0          84     8  0994  881   44 83     11485     45            108    009   0               008000088000000000000004              00000  008000000053480000                              093454498998880000000408809             188008880000  843   15433199888888080800088888889808880888889888888888888089549555     50008489888988889999988884        
                                                  3   0      59    58  81494   993   08000015      991              00    3  0  00  8             008000000088880000000000003   009     000009   009445000000000000000                         051454498980980    09384900              340088880580003    48958489988808888888808888880000008888888888888888888899808841  4590898800088808 589888888445        
                                                 9    93      93    8 5  0  88940008        1   983           8   80     0     0  90              00880000008000800000000000000     900 00005 0  00050008000000000000000000                    03554894548088013  00800000           145358800080000885   138948989888808888808888888808  309808888888888888888899908453 3980088890  8000980008888894535        
                                                 5            59   1  0   5  31      80008   343           4     0     10     5 40                90800008000088000000000008800000       00000 080800000008808980000000000000008               0435484000088800  508800000           548080080008080893   154449988888088888888889808980000088888888888888888888988884531498888999000098888 408888891 14        
                                                        0      95  5  83 008   900089     33 3  5      400    0000    00    30009                 3090880800000800000000088880000005            00000000180000008000000000000000000009         098999 0099988808 408000085  93       319000080008008841   1499959988888888888888888088088898888888088888888880000000894548088000880908 908000889453   13        
                                                         0     59  8  80  0081    985 509  11      900     009 0000908    00  8                    0800008000000080000800000800000000             00 0000000000000800880000000000000000000000      5940088089880  08888053 1893531    19880888880000893   3555890880000000080880008888888000080088008000008808888000888800000000000000000895  9989945891        
                                                         0      9514 03 0     8     981  9   58888     0009            993303                      000000000000000800000000008888800000                    40000000000000000000000000000000000000084  1119880080  000088331308359843  1980000800888884      539589888809  08000000080000000000000000000000000000000899                     4998894              
                                                     1  40       59  0  40  48 93     983         0000     988888888                               00000000000000080880880080888000800000                          50000000000000880008000800009    3888885158803 5090800990001 35451 148900000088888851   19495888888000000000000000000000000000895                     199800000000000000800895               
                                                        50       38  0   0    0  91     300890008     5000008888884 0000005                         000000000000000888000080080080080000000                               00000000000008888000000009       40 405  0008480000008888844498880800000000008880000000000000000004                           14000000000000000000808888888888888803  131             
                                                        00  3     8  8    03    4 483      34  1830                    00                           00000000000000000000000000000080000000000000                   0000008      59000888000080000000004 0008 0 8   50009800000000000000000000000000085                              3998800000000000000000088889889988888888899888888888888883                  
                                              8         08          30     004      55       193 50998                                 893          000000000000000000000008000000000008800000400000000000000000000088849949889551110008000000000008000800001309 00  3000000000003                               49  000000000000000000000000008008880088888080888459888888888998999999888888808     135        
                                              0         08    0     8 4     8  00               39  48008                                 34885     100000000000000000000080008888880000800000004  100000000000000000000000000000000040000000008800000000000098  00                                       9800000000000095908888888000008008888888888888888808888948888899988899889899999984555    39844        
                                                      5 585   00    89 8     08 00000444           43  190004                                  34    00000000000000000080900000800000000080008000000885         40000000000000000008000000000000000800080000008050 00000000000094         480000000000008998888888888800000000000008888888888888888888888888889998989990000999899888888888845     449459        
                                             0        4  83    000  89  8    30      800000000893     15   8000884                                5000000000000000000800000000000000000000088888880000000000004        081   1000000009    0088880888000888 00000 00      1999998800000000000008880008880889898800800088888888888888888888888888888888888888888899888890  8998898999999888513351 11 1499        
                                             0           84    090  9    8    900               500008413      3888995                     1000000000000000000000000000000008000000000000000000000000000000000000000005                      0000008880008000808  00 500888998988888800889000000008880049499998888841908880888088888888888888888988988889898888888898980000898988998898885119891    13          
                                             0           8     800  49  538     00                      0000008080000000000000000000000000000000000000000000840000008800000000000000000000000000000000000008800000880     00 90000000000  000088800030900880003 5 5  0899800889888988880000088888000800888944988880000888888808888888888888888980888888888988889888988898899989998898888413 3                   
                                             0           0 3   901   0   318     80                                               5    300000000000000000008000054080000000000000000000000000000000000000080000000000000     000000000000008 8080000390000000  4801  090889944999994888888988888888888888844988808088888888880888800888888888888888348888888999899888898889889988998899855954                   
                                          3  9           0 4   50    0 9  4488    500                           0                  0          0000000000089000  8008800888000000000000000000000000000000000000000000000  0  000000000000000000000000000      448880  0849445349448888880880888888808888800948088080088888888888998888888888888888900888998888888889898888898889989999998849553       3893       
                                            43           01 3   09   0   0  190     800                           9                 0               000000008  00000888000000000000000000000000000000000000000000000000   0 0000000000000000000000000000349809 4940  080944454898888900800088888888888008554888005 8808880880899888888888888988980088888888888888988998899999989889999800843      3499893       
                                           531            8 4   90   58   14  588     008                          3                 0                   00  5008000000000000000000000000000000000000000000000000000000 0   000000000000000000000000000059888098840  4084888489888880800  800000888880088348008800888008888888888880088088888888884588888888889899889988998998888899888081    15488988893       
                                           550            0      0  558      0 490      900                          1                4                   000000800880000000000000000000000000000000000000000000000000     3000000000000000000000000000 399899888808  080888999998880988000899880888888988088888888889888888888899889598888889888888888998889998888898888888889989980093   15998880888993       
                                           8 0            90 41  05 4 9000      4998      3000                                         4                   000088000088888000000000000000000000000000000000000000000000000  00000000000000000000000000 5999954994908  089999998998888888888888888800849888000080888888889888800034008980888888888888888999999888999999999998899888804     499988889999993       
                                            900            09 4   8 3531  000004  00004      9000                       5                                  4000000080000000000000000089551                            50000900009 0000000000000000000 3888899898998    094888988888888888888889988089398000888888888888880880004190911888888998889889989888888989998888888889889888   1598889889999999993       
                                            0 0             81 5  8  5 0            0000  851   5000                                                        0008000089438000008000000000000000000000000000000  800000000000000008    0000000000000008 8498898888843   88598994989888888898888888888998009 88988888888888988888513995150888888888888988888988988888989998888944889311548888888999999949943       
                                            1400           0 01 3  0 4190               000  100080000000003                                                0000800000004  300000000000000000000000000000000008 00000000000000000       000000000000118994444444480008088849999999999988988898888844888008 89888888888888888841  151 38088888889988988998888889889889888953334941349988998899988999999993       
                                             0000          3  04      5303                                                   5              3               80000008000000003  40000000000000000000000000000    00080000000000000          0000000005 88888899498089800889499999844889989889888800888089808088888888888888083     1544888888989988899898898999999989988933335444988889999999998 849999993       
                                              0  0         9 8 89 1 9  350                                                                                   00080000000000000001   800000000090080900000000  9000080000000000005  1          0000008 05849899088988899949994498888888889888888988088898888888888888888888889443 154488899009899898889889888998998989943349888988999999999999093099999993       
                                               0  00       0 0 988 1 1 3308                                                                    0             0000000000000000080000000    9000000088000000008   00080000000000005               00000 88899888998888998899988888889989988898894449888888888888888888888888883 353544988889 308898889988988989898898989988888888889999999999984  849999993       
                                                0   0      4 0  008 15  5 0                                                                                  308000000000000000000005 0        90000000000000   00088800000000001            3    1005888094494994494444499499998889999888998945988888888888888888888888888831349948889988888998888898898888889889888449999999999999999999999000889999993       
                                                           4 0   000  1  990                                                        4                         000000000000000000800    0 00000390000000080000  30088000000000000                     00 58098800949998988894985548989999988888898888888888889889880988888804 3898490888988888998999888888888999999999989888999989999999999999949449999993       
        0                                                   800    000  1  80                                                        5      000000000          0000000000000000000 08  8000000000000000000000   508000000000000                       0808 89088809899899988893998999889989998888888888888889888000900899085 5848998988998888888888989999999999899999988898998999999999999999499999999993       
        90                                                   80      0005   90                                                        8   0000000000000        000000000000000000     000809000000000000008804   000900          1                 40085038045900889899998889498888889499889888888888800088888403  04888889514848888888888998989888888888899999999999999899999999999999999999999999999993       
        8081                                                 00         000  100                                                        00000000       4        0000000000000000400  0000080000000000000000000 1 0080000 131311                  000090053   00  9040884089884008899999888888888888888818898988800008898884158889888989899888988888898998988998889988899999999999988959999999999999999451       
        35903                                                108          100085000                                                     008008         900      0080800000000000 3   0040000000000000000000000 0  000800                        0000000989481  000539888089989944459844948999888888888918888888889800434     133348898998889889889988888808998899888999989999999990 04899999999999999999        
        45140                                                 00               0080000000                                                000   13 000000000      00800000000000   9 00000000000000000000000000   45088000                      00000000000000085  40059894313 19535804494898988888888000008099988809 33  191 35  59088888889888889888845534498955999999999999999988 09899999999999999994        
        4448400                                                00                00                                                      0   0  0000000083900     090000000000000  800000000000000000000000000   1 000800  1                  000000000000088800083  481  11498935989888888898888888881  09800008891 89 133  1   48990989998898898888451 15499449998999999999999999889944999999999999994        
       199994403                                                00                  00                                                  40     000008000009400     000000000003  0 00000003 000000000000000000     0000000                   0000000000000000098980093 398  489448088999899988888988880008088888884900041       5088848499899899888951   98888888999999999999999994949999999999999444545        
       3999945800                                                09                                                                     00    00000080000008500    50000000000  0 50000000     00000000000004    0 0000000000                00000000000000000008008008945900813999449998998888888888988889888888880009        1408848808099099899953138988999899989998999999999999999999999999999889494        
       40088845580                                                 0 1                                                                  00    109008880000000800    10080000003   00000000  33    000000000        00000000000008           0000000000000000000000000000089   805  4900498888889888888088808999888889      5898908988889 388888889945988888999899999999999999949999999999994999999495545        
       5088889455900                                                                                                                     000000000008000000000000    000000001 8  0000000  111      0000000003    0000000000000000000       0000000000000000000000000000000005  4085 1940088988888888800884499541           5489898888888089989998898889999998899999999999999999999999999994999999989595        
       500889999443803                                                                                                                           00000080008000000    0080080  8 80000000        5    0000000   9000000000000000000000000   09000000000000000000000000000000000811 5009 380088888888009435543              55508080895459988898999988888888899989989999999999999999999999999999949554543        
       3999988099843400                                                                                                                            0008008800000000    004000    00000000  1             000000000000000000000000000000000000000088000000000000000000000000000000081  90013498888880893338841            5488888084444988999998998885359899999999999999999999999999999999449994995494554        
       389800000898839005                                                                                                                            000809080000000    00090  4 00000000    3             0000000000000000000000000000000093335548084980000080000000000000000000000091  809 59800089338889533         19990093  1358889999998888884 489999999999999999999999999999999999999999999444545        
       1898088899048899400     1                                                                                                                      000000800080000    5050  900000000   1 1               000000000  100000000000  9433 58888899944494548000000080000000080000000000009 808198084   1  531         998000433  48888988988998889459888899999999999999999999999999999999999944953553353        
       1000008089080  083904                                                                                                                            000088008080000   90000  00000000                1     1000       000000009 98880000080000888889955951 000000088008000888800880000009 08     1   1         1988088551 58888899999999999999888999999999999888849584489999999994449999994494445155        
       300  00800090004495100           1                                                                                                                 00008809080000    0  0 000000000                           3     0000008388008000000000088888888843541 1400000080000000000000000000059000            3559008841  148888889999999898999989999999999999898  899980089999999999999999944555535355        
        50000049889859093515500                                                                                                                             00000088080000   45  00000000000                                 00004588088888888899988888888800089435  380000080000000000000888000083000      1153488945359808888888999999888989889999999999999999998884890  99944494999999949454544335555        
       1989998888899884944354 400                                                                                                                            30000000908000      000000000000                                 000 988880000989888888888888888888888943  1 39945000000008800000000000958000    353443348008888899998888889999999999999999999999999999999480089999999994444449454433553555        
        9894994998999454555353315805                                                                                                                           000008000900009 0  0000800000000                                00 988880  08808888999888888888888888889535809    0000000088000800000000053808      4488088889888888989988998999989999999999999999999949999999999999994999994445953555534        
        089888899945444999944514459005                                                                                                                           0008000890000000  80000000000009      1351311            4000000414888000800088888899888888888888888800083140003 500000000808888000000000083508   4999999999898898998899999989999999999999999999999999999999999999899999943551335555544        
        19890894480004498849988953335004                                                                                                                           0008008000000000  0080000000000                     0000841   90 8880888988888888888800009888888888888888931 003 50000000888800880000000000944800835989888999988988898899999999999999999999994999999999499949994494444544455555555555        
         144544490  9884988445984449535808                                                                                                                           000800088888000  90000000000000                0000000000093 405988088888088888888803108888888888888888888841005 98000008000000008000000000084  38845998980889999999999999999999999999999499994499999499999944499999945533355555555        
       18953994490  0800544489889945495354004                                                                                                                         0000088000000003 300000000000000            8000000000008893  8 999998888888888800001048888088888888888888884580898000000800000000889800000000004 14989435498888988888988999999999999999999999999999999999999994454555453545555555        
        9893  15980000   5884099484444453333808                                                                                                                         000080888000000  800000000000000         0000000000000000091 884084899999999840   08099408888888888889889888413008900000088999980000000000000000093  384455498884449959999999499999499999999994994944999944994549533355355554545        
        499994454455350000908000894949455444584000                                                                                                                       000880080005 009 0000000000000000      000000000000000000893 48180988888804990000081594000088888888899888800899  000080000000008888000088888800000000815409    8099998888999998889999999999999999999999499994454535555355555444        
        4354499994984544994994  084949499449999538000                                                                                                                    0800000000000985 800000001000000000  000000000000000000008083 18538889988898888449184408  0988889988898888945488    0000000000008990000000000000000000003 00000   1894888888888899999999999999949999944994553555553553555444555        
        894944544555499949988000999999448955544989498000                                                                                                                  0800880000  0009 1000   0 100000000000000000000000000000008993183389890888089331551558000089988998889884113485  3     48008000000000000000000089008800 0000000000   4951115444499999999999999848544499499443533335554444454444        
        445454949994444444499994888888008999498844484540000                                                                                                               00000000000004009    59  9000000   000000000000000000000000005110048888800841 1  198888999989888888888949885   1   4495  3980000000000000000000008980500000000000008   00091 1 5498999994498 849999989494544555535535333554444        
        1344444499999989944449948999994949889849884553445490000                                                                                                           90000000005300983 8089804300   149841 89900000000000000000008893 589908804       40889889888888888888880098851    4884449931 599800000000000000000009000000000000000089   0000081  199999994 899544495494545535355535544444544        
        98888994445599448800499999988888889888888499008894444490000                                                                                                     0308000000000004000 98888088948000088888548880000000000000000000895  0 3         3980888888894989988988988841    38889498000888951114499880000000000000000000000000000000000    989808119899498949999945549533555553553355554449        
        453544444948009940  09999999999488888888888899888889945545400000                                                                                           300000  890000000000080  888999998888888888899515988000000000000080008085 30        11808548898889888989888880891   19998888888888888988844335544980000000000000000000000000000088881   99809 399499994994444454333355555544444499998        
        440898994589  0899800988998499999998888888888888808899994499489800004                                                                                    3    9808501000000  000040 4849089988888888088088849880000000000000800000095340      1998558888889888888888898891  148800888888888999888889499944431 1355988000000000000000000000000000005   400943549999994494955555555445445454355555        
          188080008900498899898988899888088998998808008880808888889994444548000000                                                                       000000009988       000000 3300000045988888008888998888888894 988000000000000800000081930  5451  13988999898899989999881  1480088889899999899888899999899999999443 480000000000000000000000000000000003    995  15455451111335455535555444499988        
         380899898990889889889888888888088899899988888088888898880080888888888898000000001                                                        0000000844898884455900009         00  0009880008888888888888888800885 19800000000000000000853 805  139800889888898988898888955800088888988989999980895538888888888888949958800000000000000000000000000000000000095  5993 1  1 111131113355444555944494        
           3989999999998888880808808889888888880008880088000000000000000800800899999998888000000008                                     90000000008494459999498898000089008000030000 8     00000088888880880080000089989483880000000000000808889  00 880888888988899899999998898889989888899989988884 3598899999988898898993 400000000000000000000000000000000000000000944555353511113133355355499454498        
             14449994998888890008000800888888099888800080000000800880000000888088989895549994435488800000000000000000000000000000000008889533559949989989448888998495849490008849   008000     00000000000888898880888888953380000800400008000008  00 998888889999999988988888888888888889988889994 158898999999999899899888851154800000000000000000000000000000000000000000000088994553331111 3355499941       
             154448808880000000080080008000888888888808800000000000880000000000808880808889994499949455535553555545545444444553535533454444444989949898888808888998900884549848990  000   8005        00000088988888880888840959089000080000800000  0 5889998898888880888888888888889899899999998845808899888988888099999999988941  59800000000000000000000000000000000000000000000000088889994555553545        
             355499498888000000888083 8008000800800080008080000000000000000008088000008888849998949998988945355445535549949954899988999984898899989888888888988898508 084498808910  300  08908000009       80888808888888088818058 1000000000000009 00488889889999999888888888888888999989989888889988998998899990 5884999999999889453    900000000000000000000000000000000000000000000000000000888894495       
          1154531111   13  159800088000888888800000880000000800080000008880088808809488088899988948898948889499494988088088880000000080888080008000008000000009434901 889994459910   94 305888088880000     8888888888888888983 808 9800000800000003 04888888880000808888888888888898888899889885554989998999888884 88999999999999999999943    5800000000000000000000000000000000000000000000000000000008       
                                 449880000808801 8900000000080088080080000000080808994898800000000000880899808888888888000000000884554000008888800000008931   11314880099999998440    8  8348889880888000000008808088888888985491400 800000008800089 10998889988888088888888898888889898889898855988888998988994998 99999999999999988899444444531  380000000000000000000000000000000000000000000000000000       
                                480880888888880000080000000000000800000008008000888808899444553113311133335544988454311          548000000000000095  1     151335445484999998483800   8  09484498998888888888880080088899988088004 091000000008000003 98998888888899444445488889888888988000094888888998889955544989099999999999999999999898888889943  49000000000000000000000000000000000000000000000000       
                          138908888888800000000008000000000000000000800080089894443                           1                    1                  54988888008899949999998999800   0  05959444999999988888888888880000000888888850 400080800000089  809088888445551  535449999999988890  59848899998898459980080888889999999999999999888988498  39945    398000000000000000000000000000000000000000000       
                                 3800000088000000800000000000088800000000008888988880008089949444551                                          3498000888888889894998999999999998880   0  0499899999988808888889888800888888088888899985000008000008008  8818894551      53599988988888899800089999888888998888845455359999999999999999993 5959498880889444994   59880000000000000000000000000000000000000       
                            311  1 34980000000808800000000000008888808008888800000088800898999555335331                    1            1598000008888800888998888988888944455888890   0  88988994944499444998888888898888888888888085809080000800000008  90538533513339444994999889999999809000089888445598088513444458999999999999999998894900055994549999  94353154900000000000000000000000000000000000       
                            1598808888080000000000080000000000000000080080800808888888999994555544455531                  31      1559998000000800808998888899999999999999899999880   81 889899999989998888888888888880008088888889091008000000008000009  89948459454998988999899898999899898  9089445900009   349498999999999999999999999980  4998999444499943344554988000000000000000000000000000000000       
                          5488000000000000000080008580000000000000008000808000849998984949999944449994543353133355553      1494443311335494531 3334880088898888899999444444444449908  93 9898499999888888888888008888998988888888888894090000008088000000  85149944448899944944899900088888980000898808884    3549888899999999999984499994948088999344499989944553333549888000000000000000000000000000000       
              1113              13 1 40000000000000800000000000000088000888808088880008888080844454943 1   1 4900888980895                   398800000088800089949998989899888999900  91 984808888988888888888888888998880888800008894500000000008888000000 89   3599898888898888998  899988808494 1        449989999999989999999999999999895949494444994594453353355333549800000000000000000000000000000       
                                        599880000000000000000000000000000000888808898899994554494955549888808000089449844331111131   1588800800008943 1 3311  1334998899989889898990  19 10589999889808808000008899008888888980  889888148800000080000080008 59  898498999999999988000099899993         3394888899999999999999999449944444499999449999894594595555333353499888000000000000000000000000000       
                                       598888000000000000000000000000000000000088800089888998888889888880880088808000089434555498800000899948888000800000000000000999999888888080890   9 30889999889889800894549800008888888880000880089588900080800000000000340599899888898899999898888999989      19999908888999989999999999949999999999999999499444443545553555555533333348880000000000000000000000000       
                                        18000000000000088008898898888945555580000000889888899988888888898999989808009980080888080000880000000000000000  0088888899988998999994998950   8  0988888989800005 1480008888888888889088888888994880000000800000800005 045994988999988889989889940005    4888808889899999999999999999999999999994494499499454945543335533555555554499988000000000000000000000000       
                                   154800085      353 15953       119845444  34888898898989898894999888888889888899888880088880088988888888088880008008000088888888949898889849989308  8  0409888808000931489539999888888888888888888888884890000000880000000000 095999888989999999999998884    488888899899999999999999999999999949999499994994499944445544535555535355445554499880000000000000000000000       
                                 1139888889335                      30000000089988888899998888008088894949880800000000000000000880000008088000000088000088800088808888899999899989500  8  0484989000093 198498880888888888888888888888899854898000000000000000000 5849889899999998998898083   98598889800999999999999999999999999949999494994994994949494333335535554444555554449888000000000000000000000       
                             113331 11      13                    3 1 355488000008888888888000000000000000080888888888888888888888888888880000080008888000888800000880088889899989400  8  090808000008448888888888888888888888888888888888095998000000080880888800348499998988999998888895 149988899998  994999999499999999999999999999999999999945535535333555544555555555495544998880000000000000000000       
                                   11                                      3334999888888880888888088888888880000000000000000000000000000008888880000000000008809  0888880889888888980  9  0880841     148800888888888889888898000888888888984994000008880000000000015894988898888889988533488088999999000889999999999999999499999994444444444449944445355335435555554444449544499499980000000000000000000       
                          1                                              131344549449998000800000000800000000000000888888808808888808088000000008800000000809080000888888800889898880  8  03          400888888888888889888800  5888998889998949400008000888800080004395488899988088994988888898999999999999999999999994999999994994949444499449553555555335553555545545544499449449499880000000000000000       
                       1 11      1           1    13            154459995494988980000088888880000000000080898800080000000000000000000000000080000008800000008000000000088888888008890     8   354888000088888888888888898888808 0889998888898994930000000008888080000838444999989944499889999999999999999999999999999999999999999999449999994454555543135354554445454449499499999989489998800000000000000       
                        1311                    13353988880880000000800880008888945554441            1 9008998000008888000008808800008080000000000000000880000000000008880080988998900  5 04888000000088888888888888888899888800088888888999899953500000000000000000004 849944499944499999999999999999999999999999999994999944494444449499999344533335555535455554545444444449999499899988880000000000000       
                                          1549988000000000000000 908000008808088888888889888959800008008 0000000000000000000000000000000000 300000000088888899999998800000000088088800  8 088800008988888888888888888888808888888888988898888988954480000000000000000000199989999599889899999999999999999999999999999994999999994949999999494444453545555554454444494944999994898999888889898000000000000       
                                    1354000000000000000000000000000000000000000000000080088000009100000000000000000000000000000899888000000000800808  53331198000000000000004998884980  4 089800008888888888888888888808888888888888989988880888889490000000000000000000015459888889999999999988999999999999999999999999999999988894444999333135335555555534455554544444999949988998999898000000000000000       
        3311 33544931             14000000888800000000000000000000000000000000800000800000000000  000000000000000000000089511 1480000000088085     3988000000000000084511    598084890  8 80888889988888888888889988888844988888889998898888888988431580000000000000000000518444998089888988889449999994999994999944949999949999  89999454494455553355533435454455544499994948999999899888888888000000000       
        111 1133548800888888515545598800000880000000000000000000000000000000008000000000000000000000000888884311335880883513554488008008083     3488800000000888431      1480888080880  3 90888880888888888888888888084348888888888889888899998888998359800000000000009800081094349999999985  84999999999999999999999994949949944499944444453333354594444954554949999999994899898088000888888880880000000       
          1135598800000000000008889080000000000000000000003000000 90000000000099998000899    18888884553      1549849994      155454489993 155998988008845551         4000000008098890  3  0988888888888888888888888315808888888888888888898898988898894880000000000000005     40019999999900889999999999999999888899999494948481944444554535555455553353554459444444949999898888999898998000080008000000       
        880889900000000000008 00000000900000000000000000008000000090009555 54988514548       1                            13             13535513545591            49880888088880088800    098880008888888888888894538888888898889888998999989888888889958900000000000  48000004 10 3989999999889999999999994998  844994449444498994445453555553555544444994949444999988889898888888080800080800880800000       
             3589598000000000000000000000000000000000000000000000000000800000000000095                                                                         188000088088008000008800    08989888888888888889999980088888888888888988888888999988880851 14580000000000000000905  08 5889999998889999999999994838844994499449999444445535553555553545444444444494994989999898899988898808880008000800000       
            945480000089800000000000000000000000000000000030930000000000000000000893                                                                         48000808880888808000899900    00800000888898889999988888888888899988898998893559808988885   4494580000000000000000808  003 199988 9  8999999999954984944994889999944554555555453545544444554444449994999999888889988888898888888000000000000       
        499544941 1545   5900000999999998900000000000000000000000000000000000085                                                                         148888080000000000000898000090    0099898988880089888808888888888888888880008513498008880883   488911510000000000000000008  8009 1198908899999449499994444999948  855444444433555555555554544499499899999888889898890880800000800000888880000000       
       400000000000000000000000000000000000800000000000000000000008808088893                                                                          3988800000800088808  008898000990    088888888008099888888888888888888888808841  19000888953    80889994 8000000000000000000803  0000813 3999949999999999999494499898999444355535333353354444545444459444994999998889998980908880800000080800000000       
       00000000000000000008889898888000089898000000000000888889331   1              11                              11354553111                    5988088808808800800080008088980088401   098888088899998880888888888800088888989313398884111133  39088899899480000000000000000000009  81498883599999999999999949999443599415455335544555549944554494999999898889998888889880888800080000800000000000000       
       000000000000884       34998888000080 100000000000808451                                                    1135354533  1                  550808080888888888089088880008880009900   09888888889988888888888888881 5089999844888988931 354944808888999985400000000000000000000088  14533889 9999999999449449999999955494455553335555455554449444449949444999999989988898888008880880888800000000000       
       0000003 08551     19800000888000000000000000059089                    131              11                  3111                      13499880800000888888808808888808808890008400  10888880008888880899988888980000999998800899889549888888880898554989933000000000000000000000804  93 30015899994999999444499999445545335555555454444449444499499998899888888888888000008880000000000000000000000       
       000800009535499988800000000800000000000000000081                                15499511   1                1  111              1198888098880800000088880800080888888008990004980  58088880888888888888888888804959980000083380894988943598899899988889444 800000000000000000000089  80100 3848999944999499994355455455355535334444495494594489949998998849999988888888088880808888800000000000000       
       0000000088000000000000000000000000000000008884              111 13531        355311  111333311              11111            11980000080080080080800000000080 4088888880008800080  180988808888888899888898989888808888089454991133551348888999999988888994  400000000000000000000009  00051133449444994994449944945335555554444445444444899945998898898888880808800808880000000008000000000000000       
       000000000000000000000000000000000000000089431  33     541             131            11              113311             115549888888888088008000000808088888008008888888888808080  19098800988888888888888888888880880884   3    13339880899988888899989889991 00000000000000000000000  0000084 58984984494944435535555554554444454445999999908898898998898889888808888080000008000000000000000000       
       000000000000000000000000000000080889453   134511       3553         1 33111                           33           355551333589889944998800000000000080880000990088880000088808009  40880 89888888898888888888880008004        11  3808899989889980009989999499 180000000000000000000000  3 10001 90 199494444555333355554444444949494894999489989898898888988000880000080888880000000000000000000       
       0000000000000000000000000000000000083   48085       9988598453                                  1133531             1   11354445515349880080880888088000088880088888809 4080888800  508880088888888888888888880808893        1493 3988999999999998  8000889999995 400000000000000000000003 3513808 49999449444545544454444445944444499999488989988888808088008088000880008000000000000000000000000       
       00000000000000000008894444994511  13488841      4008000000089153311           11 35459311          11            1 11   3335431335449880088008000008008808888088888888000908888880  1098880888888888888888880008891         355334808989998989998000  4989989444995 30000000000000000000000  5  00415444555453335555555554444444999999998998989888998998899089888888880080888080000000000000000000       
       00000000000000941345980009513599488851   39998888000000000088908953        39454993             5333          311 1 11353355313354980000000008880008088808888888888888008909808890   049888088888888808898089984          1345548008899999999989800888099994980084551 40000000000000000000003 55 4093133335333445544444449449899894499898988988998888888008000000000000880800000000000000000000000       
       000000000000000000000800000000000084980888000000089948000008885      134980088883           3588943     131 311131  11113333113354988880000800008900880008000000008888080880888090   08088888988889880 9898808          3 13359889998998889889888  084999955 8  9888951 5000000000000000000008 41 588849954545335544454444449444449889989988989808888888888888888800080000000000000000000000000000       
       000000000000000000000000000000000000000000000000000000099888888000000000000000088895     599899433531 313333311111131131333111139480800000800  00000000808000888008888808880888890   098888888888800908008883           3549888889999998999898040009889899598880849999991 900000000000000000008549   135135355444544449449999949999889889988888888808800088000000000000000000000000000000000000000       
       0000000000000000000  000000000000000000000000000000000000000000000000000000000045     3444544549511113311   11111 11111111 1115594808000090900008998888008880000888080888888888890   088889888888888800884           35148888888998888999999988 89984489944984994999994998  90000000000000000000998943 3535444544444454449499998089989888808888908088888888008808880080000000000000000000000000000       
       0000800000000000000000000000000000000000000000000000000000000000000008999445443 335531                                           14999449498894544999999499483 9444444444444555538   5535335555553                       3311333333333133333335 5333311113333333333333331553  40000000000000000000889                      11133335555544444599999988888888888888880000000000000000000000000000000       
                                                                                                                                                                                                                                                                                                                                                                                                                
                                                                                                                                                                                                                                                                                                                                                                                                                
                                                                                                                                                                                                                                                                                                                                                                                                                
                                                                                                                                                                                                                                                                                                                                                                                                                
                                                                                                                                                                                                                                                                                                                                                                                                                
                                                                                                                                                                                                                                                                                                                                                                                                                
                                                                                                                                                                                                                                                                                                                                                                                                                
